11 12 23 21 32 13 22 33 31 F
11 12 23 22 32 21 13 33 31 F
11 12 23 22 32 21 31 33 13 F
11 12 23 31 22 13 21 X
11 12 23 31 22 32 13 21 33 X
11 12 23 32 22 21 33 X
11 12 23 32 22 31 33 X
11 12 31 21 33 32 22 X
11 12 32 31 22 13 33 X
11 13 21 22 31 X
11 13 23 33 21 32 22 X
11 13 32 21 33 23 31 X
11 13 32 22 31 12 33 XX
11 13 32 31 22 23 12 X
11 13 32 33 23 12 21 31 22 X
11 13 32 33 23 31 22 21 12 X
11 21 13 22 31 12 33 23 O
11 21 22 23 33 XX
11 21 22 32 33 X
11 21 22 33 12 13 32 X
11 21 22 33 12 31 13 X
11 21 22 33 12 31 32 X
11 21 23 33 12 32 22 31 O
11 21 23 33 31 12 13 22 32 F
11 21 31 23 13 32 12 X
11 22 12 13 21 31 O
11 22 12 13 23 31 OO
11 22 12 13 31 21 23 32 33 FFFFFFFFFFF
11 22 12 21 13 XX
11 22 12 21 31 33 23 32 13 X
11 22 12 31 13 X
11 22 13 12 32 23 21 31 33 FFF
11 22 21 13 12 32 33 31 O
11 22 21 23 33 31 13 12 32 F
11 22 23 13 12 31 O
11 22 23 13 21 31 O
11 22 23 13 31 21 32 33 12 F
11 22 23 13 31 21 33 32 12 F
11 22 23 13 32 31 O
11 22 31 21 23 33 12 13 32 F
11 22 31 21 23 33 13 12 32 F
11 22 31 21 23 33 32 12 13 F
11 22 31 21 32 23 O
11 22 32 31 13 12 21 23 33 F
11 22 32 31 13 12 23 33 21 F
11 22 32 31 23 13 O
11 22 32 31 33 13 O
11 22 33 12 13 23 21 31 32 F
11 22 33 31 12 32 23 13 O
11 22 33 31 32 13 O
11 23 13 12 31 21 22 X
11 23 13 21 12 X
11 23 13 21 31 12 22 X
11 23 13 22 12 XX
11 23 13 31 12 X
11 23 13 33 12 X
11 23 13 33 31 32 22 X
11 23 21 22 31 X
11 23 31 12 32 33 21 X
11 31 12 13 22 21 32 X
11 31 12 13 22 32 33 XX
11 31 12 13 22 33 32 X
11 31 12 21 13 XXX
11 31 12 23 13 X
11 31 12 32 13 XX
11 31 12 33 13 X
11 32 13 12 22 23 33 X
11 32 13 21 12 X
11 32 13 22 12 X
11 32 22 21 33 X
11 33 21 12 23 13 22 X
11 33 22 21 23 31 32 13 12 X
11 33 23 12 31 32 21 X
11 33 23 13 21 32 22 X
11 33 23 21 32 13 31 12 22 F
11 33 23 32 31 22 21 X
11 33 32 21 13 31 23 12 22 F
11 33 32 31 12 13 21 22 O
12 11 21 22 31 33 O
12 11 21 23 32 13 22 X
12 11 23 22 31 33 O
12 11 23 32 33 21 13 X
12 11 31 13 33 23 32 X
12 11 31 13 33 32 22 21 23 F
12 11 31 21 32 33 22 X
12 11 31 22 33 13 32 X
12 11 31 23 32 33 22 X
12 11 31 33 22 21 32 X
12 11 31 33 22 32 13 X
12 11 32 31 22 X
12 13 32 11 22 X
12 13 32 21 22 X
12 13 32 22 31 33 23 11 O
12 13 32 31 22 X
12 21 23 11 31 22 33 32 13 X
12 21 23 13 22 11 32 X
12 21 23 22 31 13 32 11 33 X
12 21 23 32 13 22 11 X
12 21 23 33 31 22 11 13 32 F
12 22 11 13 31 21 23 32 33 F
12 22 13 11 32 33 O
12 22 13 11 33 23 21 31 32 FF
12 22 21 32 11 13 31 X
12 22 21 32 31 11 33 23 13 F
12 22 23 13 31 11 33 32 21 F
12 22 23 13 33 31 OO
12 22 31 11 33 32 13 23 21 F
12 22 31 11 33 32 23 13 21 FF
12 22 31 21 23 33 11 32 13 X
12 22 32 23 11 21 OO
12 22 32 23 11 31 21 13 O
12 22 33 11 31 13 21 23 32 X
12 22 33 11 31 32 23 13 21 F
12 22 33 13 31 23 32 X
12 22 33 21 23 13 31 32 11 FFFFF
12 22 33 32 13 11 21 23 31 F
12 22 33 32 13 31 11 X
12 23 31 13 33 11 32 X
12 23 31 22 21 11 33 32 13 F
12 23 31 32 21 11 22 13 33 F
12 23 31 32 21 33 11 X
12 31 21 32 33 11 23 13 22 X
12 31 22 13 21 23 33 11 32 X
12 31 22 13 21 33 23 X
12 31 22 21 32 XX
12 31 22 23 21 13 32 X
12 32 13 11 31 22 33 23 21 F
12 32 13 11 31 33 22 X
12 32 23 13 21 22 31 11 33 F
12 33 11 23 13 X
12 33 13 31 11 X
12 33 21 22 11 31 13 X
12 33 22 21 23 13 32 X
12 33 22 21 32 XX
12 33 23 21 13 31 11 X
13 11 12 21 22 23 33 31 O
13 11 12 31 21 22 33 32 23 X
13 11 12 32 21 23 31 22 33 F
13 11 21 12 22 23 31 X
13 12 22 11 21 31 32 33 23 X
13 12 22 21 31 X
13 12 22 23 11 33 21 32 31 X
13 12 22 31 21 23 11 33 32 F
13 12 22 31 21 32 23 X
13 12 23 33 31 32 21 22 O
13 12 31 22 32 33 11 23 21 X
13 21 11 22 32 12 23 33 31 F
13 21 22 12 23 31 33 X
13 21 22 31 11 12 33 XX
13 22 11 12 32 31 21 33 23 F
13 22 11 21 12 X
13 22 11 32 12 XX
13 23 11 12 31 21 22 XX
13 23 11 12 33 31 32 22 21 F
13 23 11 21 31 32 33 12 22 X
13 23 11 22 12 X
13 23 11 31 12 X
13 23 11 32 12 X
13 23 12 32 33 22 31 21 O
13 23 21 11 12 31 33 32 22 F
13 31 11 12 21 22 32 23 33 F
13 31 12 11 21 22 33 23 32 FF
13 31 12 11 22 21 O
13 31 12 21 23 32 22 33 O
13 31 12 33 32 23 22 X
13 31 21 12 11 22 23 32 O
13 31 21 12 11 22 32 23 33 F
13 31 21 12 22 23 32 11 33 F
13 31 21 12 33 23 22 11 32 F
13 31 22 23 32 12 11 33 21 F
13 31 22 23 32 12 21 33 11 F
13 31 22 23 33 11 12 21 O
13 31 22 23 33 11 21 32 12 F
13 31 23 33 22 32 O
13 31 23 33 32 12 11 21 22 F
13 31 32 11 21 22 33 23 12 FF
13 31 32 12 21 22 23 33 11 F
13 31 32 21 11 22 12 X
13 31 33 23 21 32 12 11 22 F
13 32 12 21 11 X
13 32 12 33 23 11 21 31 O
13 32 21 22 12 11 33 23 31 F
13 32 21 23 22 11 31 X
13 32 21 31 33 22 23 X
13 32 21 33 31 12 11 X
13 32 21 33 31 23 11 X
13 32 22 11 23 31 12 33 O
13 32 22 23 33 12 21 11 31 X
13 32 23 22 33 X
13 32 23 33 11 12 21 22 O
13 33 23 21 31 22 32 12 11 F
13 33 31 11 22 X
13 33 31 22 11 32 23 12 O
13 33 32 21 31 11 22 X
13 33 32 23 31 12 22 X
21 11 12 31 32 13 33 22 O
21 11 12 31 32 33 22 X
21 11 22 12 23 X
21 11 22 31 32 33 12 X
21 11 22 33 31 23 12 32 13 X
21 11 31 23 22 32 13 X
21 12 11 13 22 32 31 X
21 12 11 22 31 X
21 12 11 33 31 XXX
21 12 33 11 31 22 32 X
21 13 31 11 12 33 23 22 OO
21 13 31 22 11 XX
21 13 31 32 23 12 22 X
21 13 31 33 11 XX
21 22 12 11 33 32 31 13 23 F
21 22 23 31 11 13 O
21 22 31 12 13 11 23 33 O
21 22 32 11 33 31 13 23 12 F
21 22 32 12 31 13 33 X
21 22 32 12 31 33 11 X
21 22 32 13 31 12 33 X
21 22 32 13 31 33 11 XX
21 22 32 23 31 13 33 X
21 22 32 31 13 33 11 12 23 F
21 22 33 11 12 31 23 13 O
21 23 11 31 33 22 13 12 32 F
21 23 12 11 13 32 22 31 33 F
21 23 32 12 33 22 31 X
21 23 32 31 11 12 33 22 13 F
21 23 32 31 33 22 13 11 12 F
21 31 13 11 12 33 32 22 O
21 31 13 11 32 22 33 23 12 F
21 31 13 12 32 23 22 33 11 F
21 31 13 22 12 11 33 23 32 F
21 31 13 22 12 11 33 32 23 X
21 31 13 22 12 32 11 XX
21 31 13 23 32 12 33 11 22 F
21 31 13 33 32 12 22 11 23 X
21 31 13 33 32 23 22 11 12 X
21 32 11 12 31 X
21 32 11 13 31 X
21 32 11 22 31 XX
21 32 11 23 31 XX
21 32 11 31 33 22 12 13 O
21 32 13 33 12 22 23 11 O
21 33 11 31 32 13 23 22 O
21 33 12 22 11 23 13 X
21 33 12 23 13 11 22 31 32 X
21 33 12 23 13 11 22 32 31 X
21 33 12 23 13 32 11 X
21 33 12 31 13 32 O
21 33 12 31 32 13 22 X
21 33 12 31 32 22 11 13 OOOOOO
21 33 13 31 32 22 11 12 23 FF
21 33 22 23 13 31 32 12 11 F
21 33 22 23 31 13 OO
21 33 22 23 32 13 O
21 33 23 22 11 31 12 32 O
21 33 23 22 13 32 12 11 O
21 33 31 11 22 23 13 XXXXXX
21 33 32 11 13 22 OO
21 33 32 11 22 23 31 13 O
22 11 12 32 13 31 33 21 O
22 11 12 32 33 23 13 31 21 F
22 11 13 31 12 21 O
22 11 13 31 21 23 32 12 33 F
22 11 13 31 21 23 33 32 12 F
22 11 21 12 32 23 13 31 33 F
22 11 21 23 12 32 31 13 33 F
22 11 21 23 12 32 33 31 13 F
22 11 21 23 13 31 32 12 33 F
22 11 21 23 31 13 12 33 O
22 11 21 23 32 12 13 31 33 F
22 11 21 23 33 31 32 12 13 F
22 11 21 31 23 X
22 11 21 33 23 XX
22 11 23 21 31 13 12 32 33 F
22 11 31 13 12 32 21 23 33 F
22 11 31 13 12 32 23 21 33 FF
22 11 31 13 21 12 O
22 11 31 13 32 12 OO
22 11 32 12 13 31 21 23 33 F
22 11 32 12 13 31 33 21 O
22 11 33 23 12 32 13 31 21 F
22 11 33 23 12 32 21 31 13 F
22 11 33 23 21 32 12 13 31 F
22 12 13 11 31 X
22 12 13 21 11 33 31 X
22 12 13 23 31 X
22 12 13 31 11 23 33 X
22 12 13 32 31 X
22 13 23 12 21 X
22 13 23 21 31 12 32 11 O
22 13 32 11 12 XX
22 13 32 12 11 33 23 21 31 FF
22 13 32 21 12 XX
22 13 32 33 12 X
22 13 33 32 11 X
22 21 31 11 13 X
22 21 31 13 23 12 11 33 32 F
22 21 31 13 33 32 11 X
22 21 31 23 13 X
22 23 12 11 33 21 32 X
22 23 21 11 12 31 32 X
22 23 31 32 13 X
22 23 33 11 12 21 32 X
22 23 33 12 11 X
22 23 33 12 13 21 31 X
22 23 33 13 21 32 11 X
22 23 33 21 11 XXX
22 23 33 31 11 XXX
22 31 11 21 33 X
22 31 11 23 33 XX
22 31 11 32 33 XX
22 31 11 33 32 12 13 23 21 F
22 31 11 33 32 12 23 21 13 FF
22 31 32 12 23 33 21 X
22 31 32 13 33 12 23 11 O
22 32 11 12 33 X
22 32 11 13 31 12 23 21 33 X
22 32 11 21 33 X
22 32 11 33 31 12 21 X
22 32 11 33 31 21 13 XX
22 32 21 11 23 X
22 32 21 12 23 X
22 32 21 13 31 11 33 12 O
22 33 13 21 31 X
22 33 13 23 31 X
22 33 13 31 32 12 21 23 11 F
22 33 13 32 31 X
23 11 12 21 31 13 33 22 32 X
23 11 12 21 31 13 33 32 22 F
23 11 12 21 31 32 33 22 13 X
23 11 12 22 33 21 13 X
23 11 12 32 31 13 22 21 33 F
23 11 12 33 13 22 O
23 11 22 31 21 X
23 11 22 32 31 21 12 13 33 F
23 11 33 31 21 12 13 X
23 12 13 11 32 21 31 33 22 X
23 12 13 22 33 XX
23 12 13 31 33 XXXX
23 12 13 32 33 XXX
23 12 13 33 21 11 22 X
23 12 13 33 21 22 32 11 O
23 12 13 33 31 22 32 11 O
23 12 22 11 32 21 33 13 O
23 12 31 22 13 21 32 11 33 X
23 13 21 11 12 22 32 31 O
23 13 31 12 11 21 22 33 32 F
23 13 31 12 11 21 32 33 22 F
23 13 31 12 11 21 33 32 22 XXXX
23 13 31 12 32 22 21 11 O
23 13 31 21 12 11 32 33 22 X
23 13 31 22 32 21 33 X
23 13 31 22 32 33 11 12 21 X
23 13 31 22 32 33 11 21 12 F
23 13 31 33 12 21 22 11 32 X
23 13 31 33 12 21 22 32 11 F
23 13 32 11 12 21 22 X
23 13 32 22 31 33 11 21 12 F
23 13 32 22 33 12 31 X
23 13 32 33 21 31 11 22 O
23 21 11 22 31 12 32 13 33 X
23 21 11 33 12 13 22 32 31 F
23 21 12 13 22 11 32 XX
23 21 12 13 22 32 31 33 11 F
23 21 12 22 31 13 32 33 11 F
23 21 12 31 22 33 13 11 O
23 21 12 32 11 13 22 33 31 F
23 21 12 32 11 22 13 X
23 21 12 33 11 13 31 32 22 F
23 21 12 33 11 13 32 22 31 F
23 21 12 33 11 32 13 X
23 21 31 13 22 11 12 32 33 F
23 21 33 13 11 12 22 X
23 21 33 13 11 22 31 32 12 F
23 22 13 12 33 X
23 22 13 32 31 33 21 11 O
23 22 31 11 32 12 21 13 O
23 22 31 21 33 32 12 11 13 X
23 22 31 32 33 21 11 13 12 F
23 22 33 11 13 X
23 22 33 13 31 12 32 X
23 22 33 13 31 21 32 X
23 22 33 31 13 XX
23 31 11 22 12 13 O
23 31 11 22 21 13 O
23 31 11 22 32 13 OO
23 31 11 22 33 13 OO
23 31 12 11 13 21 O
23 31 12 11 21 22 33 13 O
23 31 12 11 32 21 OO
23 31 12 11 33 21 O
23 31 13 11 12 33 22 32 O
23 31 13 33 32 11 21 12 22 X
23 31 13 33 32 21 12 11 O
23 31 21 11 22 X
23 31 21 12 22 X
23 31 21 22 13 12 33 X
23 31 21 22 13 33 11 32 O
23 31 21 22 13 33 32 11 OOO
23 31 21 22 32 13 O
23 31 22 21 12 11 O
23 31 22 21 13 11 OO
23 31 22 21 33 11 O
23 31 32 13 11 22 O
23 31 32 13 33 11 21 12 O
23 31 32 13 33 22 O
23 31 33 13 11 22 OO
23 31 33 13 21 22 O
23 31 33 13 22 21 11 X
23 31 33 13 32 22 O
23 32 21 11 31 22 33 13 12 F
23 32 21 31 22 X
23 32 31 12 22 11 21 X
23 32 31 12 22 21 13 X
23 32 31 13 21 22 11 X
23 32 31 13 21 33 22 XX
23 32 31 21 22 12 13 X
23 32 31 21 22 13 12 33 11 F
23 32 31 21 22 13 33 11 12 F
23 32 31 21 33 13 11 22 12 F
23 32 31 22 12 13 33 21 11 F
23 32 31 33 12 11 22 13 21 X
23 33 22 13 21 XX
23 33 22 13 31 32 21 X
23 33 22 21 31 12 32 11 13 X
23 33 22 21 31 13 12 11 32 X
23 33 22 21 31 13 12 32 11 FFF
23 33 22 31 12 32 O
23 33 22 32 21 X
31 11 13 22 33 32 23 X
31 11 13 32 22 X
31 11 22 23 21 32 33 13 12 F
31 11 33 13 32 XX
31 11 33 23 32 X
31 11 33 32 12 13 23 21 22 F
31 11 33 32 21 12 13 22 OO
31 12 21 11 23 33 32 22 O
31 12 21 33 32 11 22 23 13 X
31 12 23 11 13 22 33 X
31 12 23 21 33 11 32 XX
31 12 23 22 33 21 32 X
31 13 11 33 21 X
31 13 21 11 12 33 23 32 22 X
31 13 21 22 12 23 33 11 32 X
31 13 21 23 22 12 11 X
31 13 21 32 11 X
31 13 21 33 11 X
31 21 13 32 12 23 33 22 O
31 21 22 13 23 33 32 12 11 F
31 21 22 13 32 33 12 X
31 21 22 32 33 12 11 X
31 21 22 33 13 X
31 22 11 12 23 33 21 X
31 22 11 21 13 23 O
31 22 11 21 23 32 12 13 33 FFF
31 22 11 21 32 23 O
31 22 12 11 21 23 13 33 O
31 22 12 11 32 33 O
31 22 12 23 33 13 11 21 O
31 22 13 12 11 32 O
31 22 13 12 21 32 O
31 22 21 11 13 33 O
31 22 21 11 23 33 O
31 22 21 11 33 32 12 23 13 FFF
31 22 21 23 32 12 13 33 11 X
31 22 23 11 33 12 32 X
31 22 23 12 32 13 33 X
31 22 23 12 32 33 11 21 13 F
31 22 23 13 11 21 32 33 12 F
31 22 23 13 12 21 11 32 33 F
31 22 23 13 12 21 32 33 11 F
31 22 23 13 21 11 12 33 O
31 22 23 13 32 33 11 21 12 FF
31 22 23 13 33 32 11 12 O
31 22 23 13 33 32 12 21 11 F
31 22 23 21 12 13 32 33 11 F
31 22 23 21 12 32 13 11 33 X
31 22 23 21 32 12 33 X
31 22 23 21 32 33 11 12 13 F
31 22 23 32 12 21 11 33 13 X
31 22 23 33 11 13 21 X
31 22 23 33 11 21 32 13 12 F
31 22 32 21 11 33 13 23 O
31 22 32 33 13 11 O
31 22 32 33 23 11 O
31 22 33 32 23 12 OO
31 23 12 11 21 32 33 22 13 F
31 23 12 11 32 33 22 XX
31 23 12 13 33 22 32 X
31 23 12 22 21 32 11 X
31 23 12 32 22 13 33 11 21 FF
31 23 12 32 22 33 13 X
31 23 12 33 13 21 11 X
31 23 13 12 22 X
31 23 13 22 21 12 11 X
31 23 13 22 32 21 O
31 23 13 22 33 11 12 21 O
31 23 32 21 11 22 O
31 32 11 12 21 XXX
31 32 11 13 21 XX
31 32 11 21 23 22 12 13 33 F
31 32 11 33 21 XX
31 32 21 12 22 23 13 X
31 33 11 21 12 13 23 22 32 FF
31 33 11 21 12 13 23 32 22 F
31 33 11 21 12 32 13 X
31 33 11 32 21 XX
31 33 13 21 23 22 32 11 O
31 33 13 22 11 21 12 X
31 33 13 23 22 X
31 33 21 22 11 X
31 33 32 13 23 11 12 21 22 X
32 11 13 12 33 21 31 X
32 11 13 22 33 31 23 X
32 11 13 23 33 31 21 22 12 F
32 11 13 31 21 23 22 12 33 F
32 11 13 33 22 23 12 X
32 11 23 31 33 22 12 13 O
32 12 13 11 21 33 22 23 31 X
32 12 13 21 22 23 31 XX
32 12 13 31 21 11 23 22 33 X
32 12 13 31 33 23 22 11 21 F
32 12 21 31 33 11 13 23 22 F
32 12 22 31 23 11 33 21 O
32 12 22 33 13 11 31 X
32 12 23 11 33 13 O
32 13 21 11 12 22 33 23 31 X
32 13 22 11 12 X
32 13 22 12 11 23 33 X
32 13 22 12 11 33 23 21 31 FF
32 13 22 21 12 X
32 13 22 31 12 XX
32 13 22 33 12 XX
32 13 23 33 11 22 31 12 21 X
32 21 11 33 13 12 31 22 23 F
32 21 22 11 31 13 33 X
32 21 22 12 11 33 23 13 31 F
32 21 22 12 23 13 11 33 31 F
32 21 22 12 31 33 13 X
32 21 22 13 12 X
32 21 22 13 23 12 33 31 11 X
32 21 22 13 23 33 31 11 12 X
32 21 22 13 23 33 31 12 11 F
32 21 22 33 12 X
32 21 31 12 23 13 11 33 22 F
32 22 21 11 33 31 13 23 12 F
32 22 23 21 33 11 12 31 O
32 22 31 21 12 13 11 33 23 F
32 22 33 31 13 23 21 11 12 F
32 23 11 12 31 13 33 X
32 23 11 12 31 21 33 X
32 23 11 12 31 33 13 21 22 X
32 23 11 21 22 12 33 X
32 23 11 22 21 31 13 12 33 F
32 23 11 31 12 21 22 X
32 23 13 11 21 22 33 31 12 F
32 23 21 31 33 13 22 11 12 X
32 23 22 21 33 11 12 X
32 23 31 21 33 X
32 31 11 21 12 23 33 22 O
32 31 11 21 22 23 12 X
32 31 11 23 12 13 22 X
32 31 11 23 33 22 21 13 O
32 31 12 22 11 13 O
32 31 12 22 13 11 21 33 O
32 31 12 22 21 13 O
32 31 13 21 11 12 22 33 23 F
32 31 13 21 22 11 OOO
32 31 21 11 12 33 22 X
32 31 21 12 13 33 23 22 11 F
32 31 21 12 23 22 13 33 11 F
32 31 21 33 22 23 11 12 13 F
32 31 22 12 13 21 33 11 O
32 31 22 23 11 33 21 13 O
32 31 22 33 13 23 21 11 12 X
32 31 22 33 21 12 13 23 11 F
32 31 23 11 13 21 O
32 31 23 11 21 22 33 13 OO
32 31 23 11 33 21 O
32 31 23 13 22 21 12 X
32 31 23 33 22 21 12 XX
32 31 33 11 13 21 O
32 31 33 11 21 13 12 22 OOOO
32 31 33 11 23 21 O
32 33 12 11 22 XX
32 33 12 21 22 X
32 33 12 21 23 13 31 11 22 X
32 33 12 22 11 13 23 31 OO
32 33 12 22 11 23 13 X
32 33 12 23 22 XXX
32 33 12 31 22 XX
32 33 21 12 22 31 23 X
33 11 23 31 12 13 22 32 21 X
33 11 31 12 13 21 22 X
33 11 31 13 12 21 32 XX
33 11 31 13 12 22 23 21 32 X
33 11 31 13 22 21 32 X
33 11 31 13 32 X
33 11 31 22 32 X
33 11 31 23 12 13 21 32 22 F
33 11 32 23 22 13 31 X
33 12 22 11 13 23 31 XXX
33 12 22 11 13 31 23 X
33 12 22 13 11 X
33 12 22 23 11 XX
33 12 22 31 11 XXX
33 12 23 21 32 31 11 13 22 X
33 12 31 32 13 11 22 X
33 12 32 31 23 11 22 13 O
33 13 21 32 11 31 22 X
33 13 32 11 31 XX
33 13 32 12 21 31 22 11 O
33 13 32 12 31 X
33 13 32 21 11 31 22 X
33 13 32 21 31 XX
33 13 32 23 31 X
33 13 32 31 22 12 11 XXX
33 13 32 31 22 23 12 X
33 21 12 23 11 22 O
33 21 12 31 11 22 13 X
33 21 13 11 31 32 22 X
33 21 13 23 22 11 31 XX
33 21 13 23 22 12 11 X
33 21 13 31 23 X
33 22 11 12 23 32 O
33 22 11 12 31 32 O
33 22 11 12 32 31 13 23 21 F
33 22 12 11 13 23 21 31 32 F
33 22 12 11 21 23 32 31 13 FF
33 22 12 11 23 13 31 32 21 F
33 22 12 11 31 32 21 23 13 F
33 22 12 11 32 31 21 13 O
33 22 12 32 13 11 23 X
33 22 13 12 23 X
33 22 13 23 21 11 12 31 32 FF
33 22 13 23 21 11 31 32 12 FFF
33 22 13 23 21 11 32 31 12 FF
33 22 13 23 21 12 32 31 11 F
33 22 13 23 21 32 12 11 31 F
33 22 13 23 32 21 OO
33 22 13 31 23 X
33 22 13 32 21 31 12 23 11 X
33 22 13 32 23 X
33 22 21 31 11 13 O
33 22 21 31 13 23 11 12 32 F
33 22 21 31 13 23 32 12 11 F
33 22 23 13 31 32 12 21 11 F
33 22 31 23 32 X
33 22 31 32 12 13 21 11 23 F
33 22 31 32 12 13 23 11 21 F
33 22 31 32 21 11 12 23 13 F
33 22 32 31 13 23 21 12 11 F
33 23 12 13 32 11 31 X
33 23 12 13 32 31 22 XX
33 23 12 32 22 31 11 X
33 23 31 22 32 X
33 31 11 21 22 X
33 31 11 23 32 22 21 12 13 F
33 31 23 13 22 21 11 XXX
33 31 23 22 13 XX
33 31 32 11 23 21 O
33 32 11 13 12 22 21 23 31 X
33 32 11 13 22 X
33 32 11 22 12 13 31 23 21 X
33 32 11 31 13 23 12 X
33 32 11 31 22 X
33 32 13 12 11 23 31 21 22 X
33 32 21 23 22 13 11 X
11 22 33 31 13 12 23 XXXXX
11 22 33 12 13 32 OOO
11 22 33 12 32 31 13 23 21 FF
11 22 21 31 13 12 32 33 23 FFFF
22 11 12 32 21 23 33 31 13 F
11 22 21 13 31 XX
13 31 11 12 22 33 32 23 21 F
